%YAML:1.0
camera_matrix: !!opencv-matrix
   rows: 3
   cols: 3
   dt: d
   data: [ 1.9075030147141351e+03, 0., 6.3249962865611121e+02, 0.,
       1.9116224308227938e+03, 1.0136413803369188e+03, 0., 0., 1. ]
dist_coeffs: !!opencv-matrix
   rows: 5
   cols: 1
   dt: d
   data: [ 1.7833952977494211e-02, -3.2710544461670502e-02,
       3.5079901931003850e-03, 1.6243182672524518e-03,
       -5.8559563916005905e-02 ]
rotation_vec: !!opencv-matrix
   rows: 3
   cols: 1
   dt: d
   data: [ 6.9239327709716102e-03, -1.8823325860959347e-01,
       3.1300134434323232e+00 ]
trans_vec: !!opencv-matrix
   rows: 3
   cols: 1
   dt: d
   data: [ -4.0518713389889334e-02, -2.0828466285376476e-01,
       -4.9326651989583872e-02 ]
error: 6.3774455637615901e-01
